128
6326
32 61
29 60
22 46
24 52
24 48
21 61
54 57
14 60
4 38
2 28
58 62
6 67
20 53
7 58
40 66
19 33
54 61
6 60
26 41
15 22
37 64
43 63
1 12
3 34
6 55
2 7
8 61
12 52
45 67
60 62
30 51
2 49
8 66
8 58
4 54
31 56
14 31
26 44
11 37
10 17
31 45
19 30
33 64
6 31
24 35
9 55
44 50
21 34
5 65
29 63
10 66
2 62
21 58
1 21
31 55
19 42
22 62
21 56
15 32
36 64
12 35
26 63
47 50
9 20
25 26
35 64
57 62
27 47
8 26
38 67
12 17
3 27
40 59
1 7
17 41
1 13
33 59
23 65
10 21
19 66
34 39
43 66
22 50
6 8
24 58
28 41
13 38
18 56
20 52
10 11
33 56
9 21
34 37
33 42
11 45
14 59
28 51
1 63
32 41
33 54
16 38
8 64
23 48
26 49
45 65
11 61
23 61
30 65
13 46
53 67
7 30
57 58
12 32
48 59
34 49
10 67
23 60
10 65
35 47
23 37
36 60
47 67
41 56
13 44
4 48
4 56
19 67
33 44
14 30
40 64
15 49
52 54
13 30
19 45
44 56
24 59
25 59
10 23
11 51
26 45
40 57
62 66
3 38
53 64
11 29
42 53
55 62
38 48
1 45
4 60
7 11
4 47
3 26
15 57
6 42
2 32
5 24
12 59
1 19
4 27
56 58
44 45
6 22
30 35
3 52
27 38
28 45
1 29
31 40
12 33
35 45
32 54
55 60
25 57
14 50
11 65
44 65
12 49
11 53
4 51
8 19
5 17
4 34
48 63
39 51
16 62
1 67
20 44
26 29
1 30
34 44
37 40
1 42
25 40
15 41
13 66
39 60
4 24
11 28
21 59
10 56
9 60
21 24
32 52
12 43
26 65
5 15
14 26
53 56
12 48
8 33
38 63
6 20
4 17
29 32
5 6
9 46
4 32
21 43
37 47
9 64
11 59
9 61
11 15
6 65
5 43
10 50
29 56
12 27
1 66
18 19
22 53
12 61
8 24
13 22
1 59
10 28
8 45
25 30
22 67
38 64
44 52
32 40
11 34
21 51
8 65
15 34
19 32
17 22
2 53
5 13
54 64
7 18
23 24
57 66
47 53
13 61
24 55
5 9
4 25
5 53
36 55
15 40
7 34
18 32
32 48
48 61
17 18
12 24
17 32
28 43
31 51
35 54
46 51
11 16
60 65
2 19
4 23
4 18
23 47
26 60
10 49
6 11
2 26
12 51
16 44
17 43
17 57
37 48
17 47
7 38
11 18
54 67
2 55
23 41
12 34
29 66
14 38
31 52
31 66
16 33
16 37
26 38
16 52
48 66
17 62
10 64
12 16
21 64
18 55
26 30
6 37
49 61
43 62
27 67
27 45
14 64
8 35
51 62
37 65
49 52
1 60
34 38
26 61
12 58
6 38
14 25
33 46
12 22
9 43
36 37
5 18
45 55
24 46
1 25
37 45
45 59
3 31
18 34
42 59
48 57
56 60
1 40
3 8
23 27
20 34
7 46
40 54
8 43
54 63
17 26
31 41
1 43
12 54
26 59
7 60
18 38
26 28
35 59
36 39
27 33
4 29
24 33
1 54
45 56
32 51
17 25
2 31
13 49
29 30
29 34
20 42
59 67
12 14
4 67
22 52
9 48
15 20
33 52
43 54
42 62
38 45
13 29
42 44
32 33
40 55
34 36
9 40
18 39
20 32
12 53
17 53
6 49
9 52
10 51
7 28
23 40
24 28
21 23
49 64
14 52
12 20
47 55
11 26
6 10
37 42
56 63
33 35
3 36
6 52
38 57
63 64
14 63
3 19
55 64
46 62
49 59
13 67
40 44
21 46
29 46
15 39
57 67
34 47
22 29
24 25
18 45
12 15
28 34
55 63
3 29
17 56
19 58
23 49
24 50
9 59
16 28
17 30
10 34
27 61
46 67
28 37
1 53
37 56
6 58
34 41
14 43
53 55
14 67
21 54
14 39
7 43
8 15
7 55
4 49
48 53
24 40
61 66
28 29
19 53
29 39
2 42
22 58
20 65
30 41
11 27
4 19
24 26
2 67
47 56
45 49
45 62
14 62
8 44
6 53
30 43
3 67
11 57
16 48
30 40
14 33
7 24
16 26
6 47
31 58
26 56
23 50
21 53
28 48
34 50
56 65
10 35
31 59
22 28
50 56
34 56
6 9
5 54
36 62
42 64
29 67
19 21
1 33
9 26
20 35
16 57
41 58
16 67
6 62
13 45
10 42
7 21
14 55
17 51
41 64
27 54
27 65
42 50
54 58
25 42
29 58
3 15
23 26
17 50
41 61
15 56
30 54
39 58
3 12
16 50
1 2
24 45
10 22
6 51
17 48
36 40
15 47
3 60
12 56
33 60
40 51
3 20
5 33
7 42
60 67
47 61
17 33
20 47
16 65
31 36
49 53
21 67
2 33
6 26
3 23
7 67
7 50
49 55
42 55
3 65
25 31
54 59
4 37
34 45
40 58
12 55
3 59
25 48
45 61
6 35
16 30
42 43
46 53
17 27
8 36
9 37
37 51
4 66
13 43
9 12
47 62
13 39
4 12
31 44
11 36
6 13
53 63
1 65
33 65
19 23
5 45
16 55
23 63
16 21
1 8
32 35
51 67
31 67
11 22
55 56
32 58
10 40
17 58
17 20
4 53
63 65
44 64
6 19
7 33
15 30
35 53
7 20
39 63
14 27
30 48
26 37
15 65
23 25
47 64
13 18
35 40
11 46
24 49
22 65
22 47
46 50
52 57
2 48
1 24
8 51
8 17
6 14
21 41
4 57
49 67
47 58
2 15
27 29
5 39
12 39
45 53
13 51
18 29
36 43
45 47
10 52
3 4
44 60
23 32
8 57
16 51
22 61
65 66
47 65
33 48
5 29
20 21
36 42
18 50
11 38
15 51
8 62
2 52
37 46
50 57
11 48
9 50
4 13
5 55
34 59
15 18
19 20
5 22
43 45
3 61
28 35
42 52
48 52
14 22
25 29
56 62
10 54
17 39
3 48
3 63
37 43
31 57
55 66
15 25
28 46
43 48
35 52
9 25
16 34
48 51
6 54
50 65
2 16
17 61
37 67
52 63
21 22
19 35
13 16
21 48
45 58
1 4
20 31
3 32
48 49
46 66
33 39
32 49
5 62
20 26
39 67
17 38
10 32
23 52
13 62
8 67
21 60
7 54
18 63
18 42
13 28
2 61
22 54
40 48
23 39
12 37
45 51
39 56
11 31
1 64
23 56
51 60
13 41
6 18
57 61
37 49
28 53
36 51
11 52
48 62
7 36
52 62
36 63
10 29
27 44
9 16
49 62
7 64
9 31
12 46
23 33
29 50
38 47
34 58
2 8
12 63
7 14
1 14
10 39
22 41
56 66
21 50
2 30
17 54
12 21
31 35
38 51
32 57
14 23
1 44
26 46
3 28
44 61
21 62
14 29
9 44
42 45
5 46
17 24
22 55
13 58
34 60
26 43
20 43
58 61
56 64
17 60
19 27
12 13
26 62
61 67
4 59
44 63
50 63
19 34
27 30
30 37
26 50
47 48
16 24
15 46
12 38
24 51
11 62
59 66
36 53
23 29
13 25
4 45
19 25
21 25
2 37
18 37
7 40
15 61
17 63
29 59
8 59
2 47
1 15
12 29
14 66
2 6
46 59
25 49
21 32
3 21
28 42
47 63
2 11
24 47
25 60
7 65
31 50
1 38
38 61
28 55
14 42
15 28
37 53
9 33
20 64
14 35
24 66
20 63
8 13
9 57
6 24
25 65
25 38
13 17
24 60
16 58
40 50
16 31
40 53
24 65
9 38
34 52
23 57
39 64
44 66
59 60
10 53
3 5
11 33
5 19
14 21
18 26
40 56
16 54
6 17
9 34
40 47
23 55
4 6
13 56
30 67
7 23
33 51
26 31
4 58
17 42
30 49
27 42
22 33
18 21
29 41
11 44
8 49
1 48
1 39
4 30
21 29
46 60
4 40
29 61
38 53
27 39
3 33
45 64
5 56
41 53
27 34
25 41
62 65
29 47
4 43
9 14
13 15
1 34
57 63
18 31
38 44
55 59
17 31
18 30
46 54
7 44
5 10
1 11
35 49
13 23
22 63
25 56
48 58
9 51
18 52
6 56
45 52
19 56
2 34
8 12
34 43
28 39
18 67
34 53
18 62
22 42
10 41
13 14
26 42
20 28
5 67
6 16
3 17
50 61
9 24
1 46
4 15
40 61
58 59
54 56
13 53
31 54
19 64
30 47
27 50
20 60
39 42
38 52
24 53
5 34
36 44
44 49
41 51
39 45
35 48
42 63
44 47
43 50
4 21
4 28
8 41
8 42
3 46
3 22
13 24
29 53
52 66
11 24
22 23
53 58
26 53
48 50
29 31
50 59
5 36
39 43
22 59
51 65
23 38
1 32
11 67
42 66
8 46
33 45
48 65
1 41
15 27
38 56
34 57
22 64
21 35
2 24
11 54
18 24
53 60
3 37
17 45
13 19
11 13
17 65
35 61
8 25
15 54
37 62
36 48
4 9
33 57
26 33
22 26
48 67
42 56
4 8
14 20
18 58
11 55
21 57
18 28
8 54
31 38
19 39
28 62
40 60
27 46
5 14
11 66
20 55
49 56
22 49
37 63
62 63
63 66
21 45
18 57
18 65
27 37
36 56
32 43
20 38
33 53
9 18
22 27
17 55
43 58
33 47
25 35
24 43
5 63
13 52
13 60
5 47
10 31
44 55
47 66
14 19
51 57
6 7
30 57
54 65
3 43
30 61
20 25
38 50
54 60
4 63
51 53
32 34
11 50
17 66
31 43
15 53
56 61
41 57
17 52
28 32
8 50
21 36
2 50
35 50
53 65
48 54
26 27
26 36
9 66
37 54
40 45
22 43
26 58
16 41
61 65
14 58
41 54
25 27
11 30
2 12
30 59
16 27
53 62
7 56
33 55
7 16
9 36
2 22
35 57
48 55
46 56
23 58
49 51
32 65
37 38
38 59
52 65
38 55
47 49
27 59
20 27
33 40
37 58
3 49
43 46
21 37
15 33
25 34
18 20
28 58
58 67
22 35
6 39
36 52
16 43
35 41
9 41
16 46
8 55
1 62
51 61
1 52
38 39
4 26
36 45
11 39
57 65
38 65
22 51
46 63
32 37
23 45
20 59
8 18
20 23
38 41
4 36
15 48
6 61
41 45
12 65
36 59
2 54
35 42
7 8
22 38
43 44
28 61
50 55
2 43
9 27
7 15
33 43
30 53
39 65
16 39
16 49
12 26
20 36
53 57
35 56
22 24
18 59
21 33
34 40
2 3
6 12
1 61
17 35
40 62
12 31
25 58
6 45
31 53
1 36
46 58
49 57
3 40
30 58
55 58
5 51
35 38
30 33
32 59
27 56
6 57
8 34
3 64
44 57
5 20
41 48
49 66
19 38
29 35
8 30
28 63
7 47
47 60
13 54
27 64
37 50
19 44
52 59
53 66
24 44
35 36
10 55
6 32
2 13
59 65
24 36
3 14
12 42
18 41
9 49
66 67
37 39
14 17
22 36
50 58
27 66
10 16
10 60
49 50
18 44
12 67
2 66
3 62
26 55
37 59
9 58
35 66
9 39
2 35
7 26
27 28
12 62
6 25
29 49
22 25
19 49
30 56
11 49
34 61
1 9
11 47
26 34
24 39
32 60
7 31
22 60
6 48
59 62
1 17
15 16
55 67
3 16
1 47
12 57
23 54
28 47
9 10
14 41
25 44
6 27
12 18
4 52
58 64
11 25
37 44
43 65
15 63
9 56
13 48
51 54
24 42
4 14
5 27
21 40
7 13
28 54
34 54
15 24
11 12
19 54
33 34
7 62
35 67
2 58
29 54
42 47
3 9
4 33
44 46
44 53
41 60
51 59
12 23
21 66
10 44
27 31
24 27
20 30
30 45
47 52
40 41
15 26
19 24
21 44
40 52
38 58
7 45
25 45
14 56
5 35
20 39
10 57
2 57
17 44
23 42
4 31
2 38
5 11
10 43
13 27
7 59
43 55
2 21
20 37
46 48
29 57
50 64
36 46
56 59
15 42
33 58
10 15
14 49
16 59
45 48
39 62
24 57
18 23
34 55
29 64
2 20
50 62
5 58
46 64
13 57
28 52
20 45
6 50
3 11
1 50
23 44
46 57
23 34
30 60
24 30
53 54
28 59
58 66
45 46
19 55
12 41
34 66
23 35
18 51
14 34
2 59
31 37
27 40
45 66
6 23
25 37
21 39
40 63
41 47
16 63
64 66
3 50
28 64
13 50
44 59
37 55
3 55
39 41
16 17
34 46
4 11
33 62
9 42
1 26
25 32
14 28
39 49
21 52
2 4
11 43
33 37
29 42
62 64
39 54
22 45
2 36
1 16
3 42
35 60
1 22
9 54
17 46
2 9
10 37
18 25
34 67
3 13
10 59
3 30
2 44
1 31
43 60
39 57
23 51
18 61
43 59
3 54
32 67
5 21
6 29
31 63
3 44
41 66
5 31
52 60
37 61
5 57
29 33
31 62
16 19
7 35
4 7
57 60
5 12
18 22
20 46
32 46
5 25
59 61
16 32
27 51
40 43
19 41
3 58
6 44
11 23
25 61
40 49
5 60
35 63
16 66
20 67
24 41
7 66
37 52
4 16
32 50
27 35
41 67
10 38
6 64
61 63
7 37
3 39
42 46
30 44
9 22
32 66
40 46
35 37
36 66
30 42
51 52
15 35
39 50
7 48
10 47
5 42
22 31
48 56
4 22
29 65
19 46
9 23
25 46
2 5
12 64
9 65
42 58
17 40
47 54
27 53
21 49
30 50
29 45
10 12
2 39
4 10
20 49
19 61
8 27
26 51
24 56
16 40
29 52
17 37
43 51
4 62
7 27
15 58
5 23
7 61
49 60
6 59
39 59
10 45
13 55
50 66
14 16
9 13
2 17
52 55
31 65
23 46
8 38
20 40
10 27
35 44
18 66
28 65
59 63
33 61
1 58
31 39
7 19
39 47
19 63
36 38
30 62
29 62
38 43
8 9
7 29
34 64
2 56
32 63
35 55
19 62
10 36
41 62
21 30
1 56
7 57
31 34
11 40
2 18
19 59
64 67
2 23
17 36
2 63
23 43
10 18
25 50
14 57
8 21
12 47
25 67
39 48
2 60
12 36
7 12
3 6
1 3
5 61
34 62
49 63
32 55
44 67
13 64
27 43
8 39
5 32
55 57
17 19
54 66
32 47
32 45
27 48
20 24
50 51
20 41
52 61
8 31
49 58
2 46
4 20
47 51
46 47
31 46
10 33
5 52
28 67
45 60
28 36
2 65
5 37
2 27
36 57
4 64
26 67
21 63
65 67
38 46
21 27
11 41
50 67
22 37
22 57
7 63
30 52
12 19
11 19
28 33
13 59
51 55
26 47
4 55
42 49
11 64
28 56
21 47
26 57
8 37
18 43
27 36
15 67
23 36
5 40
3 53
13 37
7 52
25 43
13 34
28 38
4 50
13 26
32 53
46 61
45 54
20 54
8 28
14 24
3 25
52 67
33 50
15 45
39 66
24 34
17 29
19 51
25 62
14 15
19 36
10 26
18 48
8 29
12 50
22 48
39 61
14 32
19 31
18 53
3 10
6 15
38 62
3 7
18 47
42 57
40 65
3 51
5 59
6 34
9 53
15 31
34 35
31 60
16 25
18 33
29 37
20 22
57 64
13 65
19 50
44 54
30 31
9 28
32 62
4 5
3 57
14 37
1 35
10 30
60 61
2 40
32 38
44 51
2 14
5 44
46 49
11 58
30 32
14 40
60 63
28 50
13 40
24 31
11 60
19 57
19 47
23 64
6 30
23 28
51 56
16 18
5 48
10 14
33 36
3 41
20 61
39 53
15 21
29 44
31 48
27 32
4 35
26 64
16 47
38 66
41 65
12 40
45 57
5 7
10 61
20 51
16 23
20 56
14 65
7 39
13 20
38 60
58 63
40 42
18 27
36 49
35 51
6 43
21 38
5 16
7 17
9 30
3 35
15 64
38 42
28 31
4 46
21 55
22 40
25 51
50 53
42 60
22 30
38 40
31 33
21 42
31 32
59 64
24 37
20 50
18 54
13 42
5 41
2 10
20 48
10 25
14 46
41 50
44 58
28 60
27 60
14 45
25 63
13 36
28 49
7 9
23 53
29 36
1 27
4 42
1 23
13 63
51 64
23 30
8 20
10 62
25 33
26 32
23 66
10 24
36 50
9 17
26 35
9 19
12 66
35 65
25 36
7 41
37 66
10 20
44 62
16 29
21 26
7 49
26 54
41 52
9 47
16 64
24 29
5 66
1 5
32 42
17 59
36 47
36 41
8 40
5 30
53 61
8 32
22 44
30 34
43 49
11 14
42 54
57 59
33 41
2 51
15 37
30 39
1 18
1 49
8 53
2 41
10 58
41 44
12 60
4 61
8 47
22 34
19 28
6 28
28 66
19 26
15 29
25 53
3 47
8 23
8 11
23 31
7 51
43 64
15 36
34 42
33 67
15 23
8 60
15 44
33 38
5 28
9 63
37 57
16 56
27 55
4 41
17 49
5 49
24 62
19 52
15 62
8 22
61 62
2 64
9 32
64 65
20 57
35 62
60 66
52 56
8 52
56 67
7 10
58 65
51 66
27 57
2 29
41 55
48 60
26 52
9 15
19 40
14 18
26 66
1 28
21 65
9 35
16 60
29 40
10 48
13 32
20 33
41 43
1 57
26 48
8 56
1 6
11 56
13 31
32 56
30 36
18 49
11 32
7 22
12 30
40 67
33 49
45 63
33 63
24 54
4 39
11 21
25 47
25 66
47 57
38 49
45 50
19 65
31 42
52 53
20 62
16 53
43 53
11 42
52 64
55 61
22 56
28 30
2 45
42 65
15 55
23 59
14 53
32 36
30 66
3 45
32 64
51 58
53 59
12 45
17 21
14 47
30 46
49 54
29 55
24 63
16 45
8 48
43 57
51 63
8 63
38 54
30 63
39 55
19 43
27 49
17 64
14 54
28 57
3 24
13 33
13 21
30 38
6 66
41 46
16 20
19 22
37 60
58 60
27 41
21 31
13 35
34 51
1 51
22 32
21 28
49 65
27 52
17 34
35 39
14 44
5 26
34 48
13 47
39 44
35 43
5 50
5 38
43 67
9 29
39 46
35 58
14 36
27 58
46 52
2 25
12 25
20 29
27 63
20 58
15 17
29 51
24 67
16 22
43 47
10 13
1 55
6 63
3 66
18 36
63 67
41 59
42 67
14 61
42 61
42 51
18 60
6 41
16 36
19 37
16 35
54 55
14 48
4 44
30 64
36 61
6 21
15 52
22 66
16 42
1 37
42 48
1 20
36 58
7 53
11 17
44 48
19 29
60 64
29 38
20 66
11 20
33 66
25 54
41 63
39 40
61 64
7 32
28 44
50 54
34 63
17 28
24 61
30 55
8 14
28 40
41 42
46 55
10 46
18 64
15 38
1 10
25 64
10 19
55 65
14 51
26 40
3 56
31 61
8 10
17 23
35 46
47 59
6 33
36 65
36 67
25 28
15 43
52 58
11 35
43 56
4 65
12 28
10 63
56 57
31 49
11 63
23 67
25 39
27 62
18 46
15 19
15 66
12 44
5 64
15 60
22 39
9 67
16 61
6 40
19 60
25 52
39 52
37 41
19 48
34 65
18 40
15 59
9 11
26 39
9 62
6 36
17 67
5 8
9 45
29 43
50 60
48 64
31 64
7 25
31 47
18 35
24 32
41 49
15 50
32 44
25 55
43 52
23 62
46 65
24 64
50 52
43 61
32 39
24 38
29 48
3 18
8 16
62 67
36 54
54 62
6 46
27 95
85 122
19 109
31 97
95 97
4 96
93 120
80 99
6 101
33 102
8 72
65 78
15 82
2 110
2 124
10 105
22 127
83 121
81 103
3 85
22 116
63 110
16 125
71 73
57 97
9 85
82 112
2 80
50 92
49 68
17 116
74 89
73 79
43 102
33 95
83 89
80 127
64 93
85 112
79 126
81 96
38 88
14 112
66 84
106 110
50 80
104 125
11 109
68 101
12 96
71 100
72 116
32 120
19 100
69 80
90 95
55 101
89 104
47 105
12 81
16 114
7 72
9 122
109 110
68 90
52 118
32 127
69 116
80 117
114 118
57 105
25 93
28 116
72 97
81 91
76 102
19 101
9 108
39 106
9 77
61 94
70 112
19 119
66 71
22 128
93 113
52 106
57 91
99 111
20 89
13 90
51 78
110 120
89 120
47 69
78 114
39 79
31 106
81 95
29 88
22 123
1 109
89 95
54 98
26 75
62 77
50 113
29 101
9 74
47 121
23 93
19 125
20 87
8 123
54 75
99 106
23 89
8 87
36 109
42 85
32 112
42 76
54 79
17 71
5 88
57 126
27 104
45 100
36 76
27 84
88 98
96 115
16 79
103 108
69 92
47 119
91 93
80 86
10 75
43 103
38 116
12 102
39 112
89 121
8 91
72 83
48 124
8 95
74 121
83 119
38 93
69 83
66 112
26 115
81 92
54 81
71 125
17 76
78 80
79 111
110 122
72 100
12 92
49 119
2 93
48 90
59 108
37 117
11 99
53 121
24 106
105 120
38 115
43 85
11 122
12 121
84 91
95 118
81 128
13 75
117 122
74 99
29 68
2 100
26 79
10 68
33 94
89 93
62 122
47 84
94 114
24 123
40 115
101 127
60 112
49 89
97 104
102 123
77 105
62 90
47 85
119 124
64 90
42 77
47 117
60 86
110 119
83 85
46 109
70 125
1 87
78 117
6 109
63 125
8 106
55 128
91 120
68 84
81 109
65 127
40 88
23 78
60 75
20 116
52 94
1 112
41 121
6 118
95 112
41 89
15 99
38 74
43 123
35 120
30 125
4 117
77 114
20 106
97 100
7 91
98 113
52 89
65 87
55 117
35 87
5 90
105 111
77 104
28 127
79 124
85 98
49 84
80 103
49 80
57 117
59 98
64 72
34 84
78 101
27 73
20 101
77 85
95 104
22 71
8 97
2 73
47 128
94 122
72 128
33 70
87 90
63 108
34 124
88 107
70 79
2 126
6 91
16 116
16 97
51 112
40 81
45 112
32 84
84 119
17 68
14 96
125 128
55 69
109 121
5 101
23 112
69 94
26 99
23 82
3 93
19 118
33 86
55 75
91 100
47 120
83 112
23 116
43 126
76 82
111 119
46 97
43 128
52 109
91 102
34 92
22 80
7 122
81 125
84 114
80 118
45 121
92 108
77 108
42 109
22 86
89 117
77 79
81 82
95 125
49 111
115 117
42 118
22 120
12 100
1 108
52 126
44 122
66 103
62 83
21 92
67 82
68 120
82 113
63 120
85 124
74 117
48 103
66 68
60 105
85 103
104 122
93 124
27 80
65 97
6 97
48 126
37 113
96 102
73 127
9 104
11 94
9 87
104 120
33 84
99 128
43 124
57 73
25 104
17 113
3 105
55 107
99 105
64 123
97 122
14 120
3 99
28 104
9 72
7 77
15 89
32 118
15 77
110 125
96 100
15 96
109 126
21 103
32 96
36 115
42 93
51 95
92 112
122 123
75 108
24 115
14 99
19 110
105 123
45 76
85 121
73 119
56 124
50 72
8 73
37 116
12 119
1 126
58 85
56 119
86 109
117 126
63 74
1 84
70 80
44 98
22 89
109 115
54 92
49 113
81 99
25 125
25 70
52 117
77 110
62 96
58 79
83 90
63 79
71 88
31 127
31 70
14 105
85 114
9 121
61 85
51 118
87 123
66 76
14 111
77 81
17 126
7 88
108 110
24 124
21 104
1 85
21 102
67 91
77 106
3 108
96 120
75 110
58 128
2 72
16 93
6 80
52 108
10 123
2 91
56 126
72 111
56 122
86 117
58 105
18 75
36 85
12 74
43 120
70 81
68 81
35 93
97 115
57 78
36 90
76 116
89 110
93 123
46 74
22 73
51 113
109 114
73 95
21 72
57 124
49 81
102 117
60 92
43 125
13 70
3 118
92 101
18 103
73 106
61 120
84 110
101 106
67 79
8 127
41 84
41 113
109 119
73 124
2 78
75 94
87 115
101 103
76 104
23 85
95 96
35 98
7 75
32 97
53 117
4 113
72 98
37 99
40 110
92 114
43 107
27 76
79 84
6 114
46 91
36 73
3 128
29 114
16 84
36 111
64 92
57 108
54 77
47 95
25 95
70 110
14 68
108 126
84 100
113 123
71 101
19 123
111 125
51 86
39 71
55 79
124 125
94 126
91 94
91 103
69 100
67 92
98 107
69 79
46 121
22 108
78 92
42 92
65 68
91 106
53 108
73 93
101 111
9 80
51 97
81 90
30 103
54 111
49 116
30 119
41 124
63 76
16 70
51 122
69 126
45 107
53 119
67 105
109 118
17 69
75 86
60 114
46 72
1 128
77 89
79 88
76 92
63 80
38 125
53 89
94 106
51 77
52 78
41 126
54 119
30 116
95 99
44 116
22 106
64 71
31 83
19 94
21 124
4 90
37 83
47 72
61 84
48 113
62 118
41 103
49 108
65 116
67 76
89 123
20 93
21 77
81 102
89 105
97 106
49 98
107 114
15 79
74 90
39 81
38 123
23 91
8 76
28 79
70 105
43 127
51 84
16 92
96 118
22 95
62 107
92 126
104 127
101 128
60 68
40 125
69 122
53 82
88 119
74 104
6 68
16 120
86 92
89 92
6 78
29 105
46 79
75 127
98 119
95 103
57 93
17 128
35 119
15 124
72 101
6 73
52 68
45 111
109 116
52 105
62 97
9 113
92 124
38 94
55 78
73 100
82 86
83 96
41 102
51 128
10 81
48 105
51 99
50 77
67 108
107 119
42 78
19 120
68 83
97 116
86 116
12 122
74 122
35 89
15 98
36 122
65 76
41 101
42 107
45 113
7 98
29 86
20 69
104 108
71 83
124 127
8 75
11 98
39 99
27 105
3 119
20 112
60 82
82 83
112 115
40 109
77 96
9 83
56 98
37 95
27 90
86 108
32 81
4 99
55 83
99 118
64 114
33 87
3 112
9 96
43 76
87 104
90 123
49 76
25 117
3 86
93 94
12 90
63 81
84 115
54 82
51 108
36 103
79 113
6 117
100 114
71 98
46 118
19 126
65 107
77 109
18 96
20 81
22 101
66 90
1 71
5 111
14 82
77 124
62 113
126 128
52 107
52 88
72 80
36 95
3 102
2 116
30 115
23 128
87 103
29 121
21 111
29 123
1 118
55 119
59 104
7 125
65 115
12 72
27 72
21 93
89 114
66 107
64 128
88 114
52 77
17 121
66 104
60 74
14 86
66 69
9 107
50 105
79 90
70 90
67 77
70 124
98 111
53 99
42 79
28 88
4 100
13 69
90 116
3 106
59 122
119 120
72 115
72 99
37 126
19 128
36 97
102 108
39 128
25 90
11 115
85 116
102 104
39 119
90 92
94 96
98 116
92 95
43 75
38 126
43 69
37 75
119 127
98 104
68 114
36 118
64 105
5 121
9 109
51 110
40 86
72 105
18 128
10 86
21 70
7 114
46 119
63 121
53 91
5 116
41 71
55 71
62 125
84 86
84 125
78 106
12 128
21 83
107 116
27 74
104 114
31 105
77 125
53 101
12 76
116 119
74 125
26 105
84 108
29 95
37 102
89 122
109 123
87 126
82 85
99 124
55 121
74 75
53 77
116 126
19 84
29 89
12 106
82 122
42 116
4 83
35 112
25 72
22 77
64 108
68 76
71 117
59 112
44 101
60 99
93 125
41 73
15 116
22 99
16 113
30 72
35 75
68 85
29 92
8 80
4 86
101 118
55 106
6 96
65 108
48 111
57 89
78 115
96 126
98 114
14 69
80 109
60 110
7 84
55 116
38 114
37 110
3 73
21 116
14 70
72 93
41 95
27 109
62 124
5 119
72 85
45 119
77 90
24 109
71 80
75 95
34 82
95 114
33 91
54 85
41 122
25 118
60 94
104 107
55 108
83 98
87 96
84 99
70 117
117 123
15 101
39 102
66 106
56 75
18 92
50 86
55 105
52 119
53 85
69 72
6 103
113 122
57 109
5 102
32 76
83 107
56 112
42 112
48 95
32 69
54 118
57 125
6 120
71 121
82 97
28 123
76 89
116 121
54 101
105 110
19 81
63 109
22 87
2 85
50 73
12 88
28 69
70 72
6 116
15 97
45 103
50 93
77 117
22 125
54 74
70 92
51 102
24 125
11 75
80 114
30 79
19 117
87 106
28 101
34 72
69 110
5 81
19 127
90 119
5 97
55 114
103 126
18 124
64 125
103 121
81 104
28 92
5 110
6 102
36 108
32 79
83 106
24 111
8 125
45 86
7 124
31 110
20 113
9 112
104 121
53 94
120 122
98 123
17 95
47 109
67 128
84 104
25 88
52 102
55 74
8 120
84 120
15 73
108 122
104 116
51 119
58 86
44 90
21 80
45 105
106 125
5 95
4 105
77 107
23 108
44 100
74 124
36 78
10 109
60 109
99 120
96 127
8 102
70 106
94 123
47 82
39 94
54 83
3 74
17 70
84 88
93 122
111 124
80 106
75 80
33 72
15 85
37 94
63 128
42 90
62 93
60 108
50 119
29 81
41 118
24 102
36 106
55 120
37 82
14 109
43 97
15 71
30 98
28 112
57 87
47 103
70 119
91 125
10 120
69 104
70 83
24 74
58 103
7 87
1 119
113 125
30 86
84 95
31 116
117 119
15 69
18 81
63 106
73 104
81 106
26 82
94 100
15 106
76 101
108 125
42 105
14 125
44 70
88 103
6 98
90 113
24 120
75 82
1 127
51 79
61 83
2 77
56 107
24 68
66 121
105 128
19 97
48 96
45 72
98 124
17 111
34 121
64 83
96 112
3 69
16 119
95 102
76 94
44 115
10 104
28 121
33 79
43 90
49 94
28 117
23 92
82 94
71 128
11 104
45 126
15 110
92 125
24 83
24 71
56 110
26 97
13 76
90 114
4 109
17 109
23 98
54 100
17 103
17 123
48 72
19 98
63 82
12 69
75 78
39 126
28 100
70 97
58 89
20 105
4 120
40 72
113 124
38 81
89 100
91 122
89 127
7 116
38 80
14 102
25 126
80 122
98 117
112 117
33 127
38 91
50 107
52 128
13 109
103 120
79 102
25 84
13 119
54 128
103 111
53 123
69 114
8 88
62 94
60 101
45 79
6 99
64 124
98 108
88 105
84 122
20 111
88 117
25 75
79 122
38 82
65 95
100 120
77 122
82 114
66 77
20 83
16 98
68 109
51 75
64 78
66 114
45 90
4 71
27 108
68 124
11 126
34 122
54 95
74 85
56 87
56 96
43 88
29 79
74 110
10 82
54 106
16 94
15 75
28 120
31 80
2 84
25 107
5 94
8 105
44 81
34 107
90 94
74 106
67 112
120 126
2 128
68 91
100 108
47 125
30 89
56 120
65 114
59 117
117 121
12 117
29 77
53 92
88 99
46 127
22 113
124 128
36 86
78 102
65 119
108 116
65 117
72 108
9 90
120 127
13 80
71 87
59 110
58 98
44 123
54 122
39 89
7 100
53 114
10 76
37 87
22 126
61 113
26 113
41 83
76 91
39 123
49 114
90 99
56 73
48 121
25 112
18 126
49 96
32 80
115 121
12 84
32 117
80 85
8 107
8 85
21 84
91 108
73 82
43 122
61 112
119 123
76 111
66 89
21 109
35 113
57 112
14 119
78 86
1 91
80 88
45 89
10 77
88 92
59 90
24 100
45 128
76 128
91 107
48 97
98 115
59 87
32 122
6 104
37 127
1 117
60 118
1 124
74 126
82 106
114 128
39 92
47 104
68 75
95 120
77 80
31 84
47 70
49 107
69 77
54 110
61 76
105 113
86 99
43 109
7 85
50 69
67 117
31 119
28 119
20 122
67 98
64 77
3 96
61 68
66 82
1 94
27 87
76 84
27 94
104 106
51 103
30 84
12 93
52 103
92 116
76 125
96 110
55 111
34 91
40 82
22 122
111 114
65 94
35 124
85 94
14 110
74 80
71 113
65 91
96 123
78 97
35 77
59 127
90 96
108 128
59 99
48 127
21 118
105 106
33 113
23 103
32 88
107 117
17 127
40 113
29 103
58 73
46 124
69 90
71 84
32 75
99 116
118 123
13 122
11 68
75 125
50 88
54 68
115 118
21 113
80 90
21 87
8 117
8 70
104 112
106 113
69 118
27 70
2 111
46 90
33 106
1 120
28 93
9 94
89 125
43 108
1 95
30 80
31 72
57 101
32 89
60 83
5 127
66 99
24 80
114 126
98 109
59 96
11 101
102 119
40 128
92 98
33 77
49 73
31 79
112 127
56 93
68 86
44 118
23 124
17 99
22 69
16 101
81 108
77 94
60 91
90 97
91 99
51 81
29 70
72 76
87 120
65 77
102 128
54 94
105 114
21 81
62 69
39 124
63 75
100 123
67 104
118 124
30 69
55 77
56 125
77 93
27 82
26 109
42 98
90 117
42 74
19 108
30 127
51 109
66 85
9 68
10 69
54 107
58 97
58 102
76 100
64 122
21 117
52 125
97 114
48 82
1 86
39 82
4 98
23 83
33 100
53 109
74 76
76 103
47 101
42 114
20 74
110 117
92 121
66 102
69 119
93 103
48 87
25 110
48 122
54 73
106 107
5 73
7 123
77 112
80 108
41 127
33 88
85 91
7 93
80 95
22 102
95 107
26 69
9 126
73 128
57 84
11 121
3 126
37 74
90 104
39 116
1 76
84 128
68 73
60 104
46 75
47 100
13 105
4 91
33 85
76 120
31 122
1 107
87 95
8 100
17 78
45 75
97 107
10 90
51 88
29 112
40 127
13 73
110 124
91 92
61 78
10 102
68 125
14 85
69 108
71 75
41 128
78 93
12 94
39 100
24 107
61 73
41 92
96 109
88 128
58 71
58 116
46 106
75 89
20 86
5 99
16 83
99 100
56 76
50 106
60 69
84 97
3 68
60 106
60 128
85 110
70 115
103 128
26 71
9 70
74 108
95 110
106 115
39 83
19 91
23 71
41 112
38 97
102 120
35 121
43 73
46 78
32 86
43 68
27 119
29 80
69 102
104 118
42 73
101 124
37 76
101 110
28 76
45 106
70 78
77 92
51 105
73 125
61 128
49 101
62 128
26 103
74 100
64 89
45 82
11 125
41 111
92 128
46 122
26 74
33 117
71 108
111 112
87 112
2 88
33 90
48 68
57 104
33 83
19 90
107 109
92 127
12 95
79 97
34 75
49 93
2 123
38 103
34 116
83 125
7 78
31 77
23 121
35 110
20 120
46 89
31 94
83 91
9 69
103 105
100 113
33 80
48 120
71 126
48 69
67 71
56 88
52 104
26 73
91 118
53 115
34 100
11 117
19 80
75 112
23 96
97 125
65 103
66 113
21 91
86 90
18 94
80 110
108 120
10 79
76 112
108 112
36 81
37 71
36 94
16 106
26 106
113 128
17 90
3 104
46 69
78 116
13 68
67 88
79 118
16 69
88 101
10 93
36 112
41 104
38 75
112 125
80 83
26 68
31 91
76 108
68 94
99 101
40 117
25 76
94 98
69 101
56 105
50 99
87 88
35 102
7 105
40 106
73 115
21 97
30 106
52 113
71 78
2 98
37 86
83 128
64 111
17 102
99 121
67 86
93 115
99 123
116 125
29 78
84 94
78 103
47 110
28 75
90 115
62 112
86 107
15 109
69 120
38 96
103 118
61 82
57 121
27 69
73 91
76 88
44 89
32 74
59 84
53 76
63 104
57 77
36 127
80 92
69 88
36 71
22 110
19 85
74 112
103 124
34 105
15 90
88 109
20 77
24 78
90 126
30 93
73 116
12 108
4 84
108 119
43 82
103 116
57 82
83 88
40 80
3 88
47 106
26 89
3 111
22 107
41 69
35 106
76 80
70 120
81 111
86 119
74 92
10 70
2 106
18 118
93 107
33 118
23 120
38 128
91 112
3 97
44 108
102 111
33 126
73 77
5 75
31 75
109 113
13 102
48 77
8 83
105 109
90 98
67 124
82 110
77 100
56 78
66 125
88 94
67 95
66 70
34 117
2 119
56 85
58 108
28 107
74 115
30 109
36 70
120 124
63 78
78 90
76 93
19 70
29 104
16 127
86 125
82 103
62 86
56 111
72 127
36 75
77 98
34 119
92 109
74 109
106 114
98 122
105 124
112 119
82 95
59 125
14 118
89 112
100 117
4 112
68 108
89 113
15 127
59 97
5 100
80 81
16 123
64 121
67 74
1 80
76 124
41 75
85 92
91 123
55 85
12 99
33 74
33 103
107 113
15 105
33 69
64 101
36 89
19 75
12 79
7 101
60 103
24 69
111 128
41 114
77 126
63 100
87 100
96 104
10 106
20 68
48 71
99 110
34 126
70 109
75 97
98 128
47 77
65 125
118 128
71 72
21 112
21 75
92 118
70 99
73 84
56 115
79 96
69 86
10 95
37 122
62 109
88 110
59 114
73 98
41 97
18 91
53 110
28 86
44 111
54 108
30 126
46 107
82 124
46 112
101 109
33 108
5 69
79 91
26 119
36 83
51 124
118 126
41 87
49 100
84 101
83 124
69 91
39 98
82 105
106 117
25 69
25 94
48 107
13 71
104 109
100 105
22 76
38 124
57 102
43 92
111 116
48 84
69 112
78 113
75 104
40 121
35 85
84 126
44 72
99 127
29 84
18 70
18 69
112 113
90 108
82 111
63 91
22 84
18 98
75 98
70 98
75 124
58 125
103 119
22 124
97 98
24 127
34 78
94 97
78 108
87 98
85 87
14 107
22 98
57 122
91 110
85 101
34 95
14 101
42 72
81 115
10 88
51 71
55 90
28 102
115 120
30 105
43 115
40 73
20 110
17 104
77 111
7 99
25 109
14 80
43 104
11 87
16 104
77 120
31 89
68 128
93 100
7 90
1 92
95 100
69 106
60 123
120 128
12 73
55 104
12 110
67 120
30 113
51 91
67 80
81 85
89 101
9 106
53 124
89 106
71 95
38 105
49 95
96 124
46 114
36 113
44 107
75 122
74 93
36 72
110 111
37 107
13 121
89 126
93 117
11 107
100 125
65 120
54 103
36 100
108 115
41 85
53 96
7 110
27 120
2 74
107 120
35 116
22 68
30 99
47 107
74 83
50 109
80 113
25 103
86 124
24 86
9 102
20 114
80 93
60 77
47 81
79 99
34 71
27 106
45 81
14 126
44 125
49 69
66 105
98 99
9 117
93 98
67 69
102 114
123 127
32 126
15 78
71 111
2 96
29 124
78 109
6 82
114 117
32 87
18 107
8 118
33 115
12 98
18 114
61 98
40 83
64 103
15 86
60 96
104 115
74 97
70 102
92 93
24 126
76 83
58 120
18 73
37 88
93 118
58 91
32 108
117 127
67 123
11 91
86 97
57 69
6 128
52 96
67 89
75 88
30 110
95 116
59 83
70 118
5 106
24 76
44 82
56 97
19 92
59 123
50 124
47 90
50 68
97 109
79 92
20 123
71 99
100 119
29 100
64 70
44 99
35 76
19 73
73 112
63 105
4 118
45 83
88 115
50 79
111 126
73 109
15 118
32 105
57 111
44 93
72 94
2 79
58 81
6 110
21 95
11 111
35 74
31 103
26 122
88 120
28 87
100 126
29 93
70 103
24 72
37 128
18 86
18 90
38 107
75 126
14 104
53 106
31 85
75 103
37 73
47 116
39 78
15 117
72 74
9 120
23 125
77 116
63 118
63 87
53 81
39 87
44 80
52 112
9 101
12 68
11 118
74 91
83 86
11 74
27 107
4 111
67 106
77 103
85 120
55 122
69 107
38 102
62 127
13 91
78 85
88 93
68 82
84 118
14 89
80 111
82 96
118 121
70 127
45 94
120 123
52 110
3 124
69 125
10 125
33 119
84 109
59 85
39 80
32 90
72 122
27 83
20 108
23 76
65 100
65 106
18 82
61 69
64 80
88 124
56 100
14 87
31 81
44 105
42 89
31 125
25 101
21 127
33 89
34 113
1 81
69 99
23 86
64 107
21 120
67 118
11 70
15 102
26 111
88 121
49 103
25 83
51 80
22 79
100 128
41 77
75 109
28 110
6 79
11 88
9 110
87 111
13 74
33 99
2 90
53 69
46 96
115 128
15 119
32 82
19 78
55 123
99 122
56 77
34 128
41 110
36 126
41 115
47 102
33 124
36 99
13 107
29 75
83 99
83 115
111 115
11 97
31 124
55 70
64 76
68 117
76 105
16 74
80 123
92 123
45 97
95 105
76 106
43 117
45 77
23 122
85 104
38 111
85 125
6 76
67 111
108 111
112 124
8 96
16 75
61 81
49 123
70 101
31 114
18 76
31 112
116 120
7 69
27 99
14 90
2 83
90 109
61 102
58 101
65 84
4 122
27 115
30 92
35 70
46 116
62 95
59 100
52 98
9 84
11 92
84 96
6 88
79 80
99 126
57 76
43 98
60 88
26 110
2 120
30 73
23 99
100 107
86 100
38 89
6 122
22 104
42 123
9 91
60 72
35 72
31 121
17 92
81 94
16 107
93 95
77 86
103 127
54 97
39 117
106 109
4 126
76 107
1 74
28 97
24 103
51 83
110 121
101 120
22 85
4 73
57 114
85 119
59 81
82 109
6 72
86 103
67 100
46 87
33 78
16 117
88 113
65 83
54 87
98 125
20 88
92 100
44 73
23 72
69 87
89 97
50 126
81 119
61 124
105 122
54 104
103 104
28 74
55 109
18 89
85 93
37 92
110 118
35 127
57 72
15 111
34 70
39 76
86 114
77 127
46 120
100 124
101 125
37 68
32 91
36 69
115 125
84 106
35 88
2 76
90 100
26 98
4 88
16 102
68 78
44 78
16 77
60 84
72 87
8 112
103 117
15 113
35 78
43 100
11 119
64 82
65 81
81 97
59 106
64 110
81 110
58 111
82 101
79 98
4 74
70 116
86 128
75 92
11 108
71 74
40 70
31 126
70 94
5 70
80 94
57 80
34 88
25 98
65 85
65 90
33 71
43 106
71 118
65 86
81 93
83 114
40 118
13 117
112 116
27 89
53 83
29 128
62 104
82 107
32 72
50 89
96 114
24 101
1 90
107 110
1 70
85 109
5 93
122 127
81 121
109 125
67 87
26 112
65 89
71 82
17 117
34 77
76 85
26 70
51 74
32 101
49 79
6 86
29 99
40 94
58 118
94 127
42 91
44 94
16 88
37 111
106 116
19 82
88 126
60 70
36 74
35 95
72 81
31 111
13 97
61 110
37 97
80 101
38 119
3 80
99 119
94 128
26 127
4 75
44 85
65 128
88 125
17 97
29 108
40 91
95 119
81 118
26 87
86 106
42 75
80 112
23 97
7 112
34 83
18 125
56 106
92 105
97 124
31 115
47 127
40 120
16 95
48 91
16 128
24 116
14 128
15 93
68 110
45 118
66 115
35 101
16 73
31 100
66 127
45 101
57 83
71 90
60 102
19 93
107 127
9 81
39 86
41 96
77 121
90 107
113 118
83 100
53 97
69 98
28 85
21 86
8 103
90 118
60 120
73 126
4 78
87 92
106 122
35 128
89 116
58 113
66 83
21 96
93 102
78 127
100 115
67 97
53 105
119 126
62 126
68 79
26 85
110 116
53 70
71 96
57 118
4 72
44 79
11 128
3 101
29 73
110 112
20 75
23 102
37 91
28 71
26 107
43 113
7 83
100 118
37 114
35 108
7 73
10 83
42 115
20 99
61 115
66 116
19 104
64 97
12 111
64 118
42 117
69 115
61 99
91 121
8 69
46 93
62 103
28 80
7 118
64 75
3 94
123 128
28 90
67 127
54 121
51 107
45 68
108 109
86 101
13 123
53 79
40 122
24 118
42 86
28 96
63 86
61 111
45 91
18 116
38 77
90 93
88 106
68 93
7 86
18 84
68 127
49 118
67 78
64 69
54 70
59 124
91 111
59 78
94 104
92 110
31 86
8 111
17 72
91 113
102 110
87 113
37 109
38 104
83 95
74 128
1 115
113 126
95 113
72 88
61 107
102 127
62 78
118 120
12 89
45 115
19 112
21 71
54 76
59 69
72 89
103 125
62 73
39 103
69 111
84 87
86 93
20 80
42 113
58 94
48 81
56 118
3 115
3 116
89 109
95 108
65 113
60 122
59 88
1 75
24 70
13 100
7 121
12 125
54 69
47 92
63 111
90 110
109 124
75 91
4 114
13 126
64 91
104 123
8 128
74 79
50 118
14 77
7 126
110 123
66 123
59 71
108 124
63 115
81 123
71 120
20 97
48 112
31 76
105 108
120 125
4 92
20 90
11 73
53 93
12 80
3 92
36 105
77 91
51 121
41 81
58 88
2 92
83 87
47 74
6 95
58 99
96 106
56 114
20 117
28 106
5 98
19 102
38 86
64 112
39 90
18 93
37 70
31 74
8 81
21 79
50 122
7 120
67 72
18 109
18 113
100 109
46 85
61 91
86 105
58 87
19 124
93 110
27 124
5 109
92 96
50 83
37 89
53 75
12 77
61 71
63 113
67 93
3 90
16 86
54 113
6 107
60 78
57 71
12 85
4 101
35 68
98 105
63 93
19 113
11 69
29 102
36 124
77 113
36 123
65 75
114 123
36 92
28 78
83 122
37 119
1 79
34 79
34 98
45 70
54 123
55 103
82 126
65 121
65 98
52 80
71 103
49 115
24 92
22 97
27 97
42 128
63 94
18 111
96 101
40 98
92 113
50 127
15 114
9 116
14 74
76 99
23 79
101 117
5 91
71 115
59 80
110 128
42 97
32 83
37 69
81 86
33 81
94 124
29 69
34 74
26 88
68 96
91 96
60 124
51 69
45 109
48 109
23 100
85 108
68 113
17 122
91 116
32 106
5 76
67 116
4 81
60 93
35 111
124 126
47 118
61 123
61 121
42 103
125 126
58 114
19 96
59 76
12 71
70 104
89 90
49 71
4 87
5 78
111 121
98 126
95 126
105 119
23 114
40 71
53 84
21 125
74 77
55 76
83 116
74 81
38 108
26 128
69 89
15 108
57 103
40 123
106 111
59 126
5 83
35 86
51 87
25 102
85 99
111 127
15 76
106 123
27 112
64 88
59 113
13 108
84 98
72 75
46 83
61 86
74 86
39 85
103 110
19 116
72 124
57 128
47 75
55 102
50 75
79 115
75 118
13 114
12 123
29 118
66 92
17 108
70 100
11 113
50 94
97 99
91 105
1 111
23 107
42 94
85 107
73 89
53 107
67 84
50 87
21 94
46 98
66 120
56 80
48 86
93 109
25 87
45 124
59 120
61 80
40 104
42 127
51 96
96 117
98 106
41 100
40 93
58 106
56 89
53 111
3 95
119 128
10 112
69 124
35 126
28 105
34 85
14 93
71 112
29 71
58 107
39 127
11 93
81 101
6 127
8 116
38 101
55 73
88 95
13 81
62 87
64 104
80 116
68 88
62 70
8 78
56 103
75 90
73 96
35 125
12 87
4 77
77 82
80 82
7 103
46 111
86 126
83 105
42 80
47 76
43 84
75 102
74 84
33 112
61 89
33 73
3 122
90 121
21 114
61 100
68 107
3 127
62 121
65 112
3 70
55 84
127 128
36 128
41 117
64 68
40 126
49 91
51 90
93 105
43 119
4 95
90 124
87 110
35 91
80 89
121 123
71 93
35 80
7 89
74 88
97 102
25 116
16 87
12 82
67 94
42 68
22 70
75 77
37 125
66 88
56 102
74 111
91 98
79 87
65 69
36 110
39 75
27 79
39 115
95 109
84 121
55 112
81 117
22 93
29 82
101 113
53 112
46 99
1 77
1 93
16 68
5 120
58 90
44 117
25 79
23 104
82 128
54 88
68 74
50 128
5 105
98 120
71 94
102 105
62 82
45 116
48 104
43 93
2 113
8 121
59 93
16 90
58 75
63 95
63 112
2 69
63 98
87 91
6 111
72 104
70 74
40 101
29 119
59 95
36 79
45 125
11 103
61 117
22 74
13 113
94 108
85 102
52 72
8 98
42 87
13 125
5 85
56 104
123 126
36 121
54 117
52 114
69 93
47 91
25 74
109 122
25 80
101 116
6 121
74 118
48 74
44 120
30 96
55 97
40 75
5 112
29 126
100 103
29 127
67 68
47 108
31 102
2 102
48 119
94 121
29 113
34 90
49 125
84 117
90 105
30 117
18 102
23 73
75 101
46 88
11 84
12 83
63 85
28 124
94 117
111 113
77 118
69 95
1 113
27 111
78 119
4 125
5 87
31 123
77 123
52 116
74 120
53 90
67 73
49 120
26 96
73 105
53 128
27 118
69 121
63 127
103 107
44 77
27 128
29 96
52 115
91 117
28 82
116 117
69 70
17 73
29 110
28 128
86 89
13 77
4 127
42 125
37 98
40 87
79 104
24 87
50 112
83 113
43 77
43 80
68 71
101 105
91 119
106 127
68 80
41 90
61 79
73 97
92 106
19 121
1 83
21 99
36 84
87 117
102 122
62 88
11 123
94 113
63 114
75 79
6 94
11 89
99 104
76 121
2 86
86 87
22 105
37 84
76 114
68 69
12 78
97 123
75 119
82 117
72 121
12 105
100 101
25 68
39 125
35 117
113 119
88 118
66 128
14 122
11 71
11 106
65 102
86 121
86 94
99 115
34 104
35 84
53 98
21 106
7 82
17 84
2 104
87 94
10 110
46 105
6 70
66 75
97 126
6 119
6 125
90 128
24 81
87 125
10 96
86 104
57 70
7 102
51 123
104 110
7 71
95 127
29 87
86 112
3 91
4 115
84 105
23 84
100 111
23 69
31 96
69 97
24 117
107 125
17 112
40 84
3 121
19 77
17 88
29 72
117 128
37 85
61 97
13 110
34 115
103 113
35 96
59 68
59 86
39 121
108 114
98 112
6 112
35 114
41 72
83 92
2 108
114 125
39 104
75 114
19 89
57 79
79 103
11 100
5 107
5 92
78 89
62 72
45 88
29 109
3 113
40 96
47 87
30 101
8 74
49 117
26 114
74 98
81 122
25 85
57 94
17 107
38 118
63 88
46 108
3 71
65 104
74 78
77 78
88 91
31 73
115 126
86 127
11 85
105 112
91 95
18 95
69 128
21 119
14 117
34 93
61 103
9 119
30 82
5 103
43 87
64 96
52 99
16 103
95 106
75 120
55 88
40 69
26 125
62 110
12 115
8 119
30 88
38 79
42 69
49 77
51 125
9 75
44 96
66 108
87 108
43 79
104 111
82 119
42 126
54 90
79 100
18 115
35 83
103 109
53 95
113 120
54 84
2 115
15 81
51 126
15 72
31 88
2 82
24 104
91 115
30 91
9 111
94 102
47 73
10 97
1 125
52 83
38 78
41 86
32 95
14 97
90 125
24 110
80 107
82 115
56 109
7 70
114 122
78 123
38 106
10 116
58 74
58 70
85 118
5 68
43 95
1 89
61 122
70 76
13 95
102 116
60 97
16 118
17 80
31 87
36 116
110 115
40 68
13 124
105 127
23 90
46 125
103 123
44 74
47 111
16 72
64 94
3 76
80 128
87 124
69 73
23 126
73 78
15 70
63 116
116 122
66 80
1 122
33 121
9 105
3 110
67 125
108 117
54 126
20 85
11 105
50 114
13 83
100 116
39 74
52 121
20 92
48 115
62 105
5 115
68 103
22 118
62 79
45 80
12 113
85 97
2 114
7 113
24 88
35 73
29 122
3 78
83 110
76 119
9 127
52 86
13 85
89 94
46 95
53 87
71 122
101 102
37 78
46 100
89 102
14 84
8 79
23 81
41 123
6 77
81 107
78 98
47 124
63 97
2 70
121 125
8 86
17 93
97 108
78 100
85 105
14 124
4 102
47 93
87 105
26 86
65 105
52 79
73 123
18 83
69 78
75 84
12 126
48 100
72 125
56 83
8 93
52 120
32 73
104 128
67 115
44 127
84 127
8 68
104 113
32 78
71 109
57 106
43 86
88 104
17 101
36 80
4 89
6 87
9 97
40 97
29 120
29 98
92 97
79 81
68 122
43 101
32 92
43 72
13 84
89 128
10 99
15 68
85 96
61 114
114 120
80 126
17 110
102 109
69 81
92 103
53 127
31 108
61 77
100 121
56 113
68 116
15 100
17 77
9 78
30 94
52 71
63 84
69 123
59 82
10 101
92 120
70 96
78 84
8 110
5 74
10 103
71 104
6 115
51 115
44 87
70 108
6 81
25 97
35 105
40 79
12 86
6 106
61 105
43 116
90 111
73 101
35 97
87 121
72 112
2 103
11 77
21 122
20 84
61 92
56 86
25 111
50 84
61 116
61 87
38 68
18 127
76 97
23 77
60 116
73 76
18 106
83 123
78 83
18 71
41 88
93 121
42 96
57 99
33 120
51 117
38 87
74 103
57 85
11 72
105 115
48 98
18 77
24 93
8 108
66 95
93 127
80 121
71 102
2 118
83 97
32 100
15 115
65 72
100 104
20 82
114 127
39 88
6 74
80 97
32 125
81 89
9 98
15 95
21 82
90 103
96 107
39 69
48 102
10 111
49 70
51 68
50 111
12 114
21 128
3 103
21 78
19 95
63 89
33 122
61 90
114 115
28 114
5 72
66 91
18 99
26 94
76 86
63 103
30 97
70 85
44 92
64 106
73 80
72 113
13 94
8 104
70 91
79 93
17 105
67 75
69 82
72 91
30 87
87 119
105 117
23 111
82 108
101 119
90 101
61 104
52 100
41 120
71 106
4 124
43 71
48 116
118 127
54 127
72 79
47 94
26 121
8 124
94 116
38 73
35 69
88 127
18 120
58 93
30 95
5 104
12 91
10 115
70 128
112 114
57 116
82 116
96 119
12 104
23 117
30 123
109 127
40 77
38 83
28 95
117 125
36 114
32 77
91 128
87 107
60 80
73 85
30 74
94 115
68 105
97 110
52 97
105 116
85 89
10 128
87 97
59 74
29 97
81 124
47 99
64 100
20 119
93 99
113 117
95 122
101 126
2 99
71 127
27 125
20 126
63 68
26 120
43 105
72 119
45 102
7 115
41 105
11 79
99 113
87 122
26 78
41 125
9 71
115 122
30 75
56 71
78 112
39 120
60 111
62 111
55 127
53 120
98 100
88 122
46 117
37 115
21 121
94 103
90 102
71 107
58 117
18 74
79 85
35 103
13 79
87 118
25 119
23 74
12 101
40 119
36 119
105 126
41 119
114 124
97 117
19 88
50 101
13 115
29 76
37 121
18 104
58 100
8 94
55 89
72 102
19 122
24 75
96 125
20 121
12 109
97 118
6 89
38 85
50 70
76 90
99 117
78 104
76 95
50 100
81 83
57 127
3 117
24 105
26 81
32 93
13 87
38 109
24 108
66 98
47 88
2 127
99 103
21 115
14 106
12 75
46 103
30 121
17 79
59 79
78 87
56 116
11 76
13 120
57 95
28 70
13 78
5 84
18 101
14 116
63 122
99 112
28 91
50 103
62 114
25 105
41 106
50 85
70 84
44 109
39 105
24 82
14 100
41 70
85 100
41 79
17 75
32 128
32 119
52 123
9 86
73 99
28 98
20 71
51 73
29 125
7 104
38 99
44 114
40 92
20 96
26 102
33 98
68 99
49 104
36 91
73 108
45 73
23 70
66 73
37 118
101 114
45 114
29 106
67 107
91 126
49 85
50 81
46 84
77 101
49 127
119 122
27 68
49 92
71 81
79 112
34 68
62 123
2 105
65 73
20 104
40 124
89 108
5 108
5 96
50 95
78 118
74 119
20 127
86 88
27 77
47 89
118 125
4 93
32 124
62 74
111 120
40 95
49 110
51 127
22 103
48 85
69 75
20 98
84 93
40 108
52 92
112 126
47 71
14 113
23 68
92 107
106 120
43 118
93 126
30 70
18 85
31 69
107 126
54 102
34 102
9 123
37 124
87 109
60 98
10 113
39 95
51 82
60 81
38 76
26 76
55 118
30 81
88 100
21 123
78 82
3 79
18 117
33 125
60 117
9 93
33 68
105 125
121 127
95 111
23 105
71 114
13 101
18 122
46 82
53 125
95 121
28 81
88 123
45 122
28 126
78 125
89 91
1 101
19 99
55 96
29 117
64 120
60 127
112 118
35 92
10 114
71 105
82 93
49 109
68 106
51 98
20 100
1 104
70 93
39 93
28 113
83 93
59 105
87 102
40 112
42 119
80 87
42 122
28 108
67 102
33 105
36 117
10 126
56 101
121 126
51 104
80 119
79 121
27 96
62 99
4 116
44 86
95 128
44 75
18 78
